################################################################################################################################
################################################################################################################################
# Training data size: (17770, 300); query size: (1000, 300).
# Metric: product, #PQ Tables:2.
# Training time:3.597797155380249.
# Encoding time:0.17312002182006836.
# Query time:6.333760023117065.
################################################################################################################################
################################################################################################################################
+----------------+--------------+-----------------------+-----------------------+-----------+-----------+
| Expected Items | Overall time |       AVG Recall      |     AVG precision     | AVG error | AVG items |
+----------------+--------------+-----------------------+-----------------------+-----------+-----------+
|       1        |      0       |        0.00095        |         0.019         |     0     |     1     |
|       2        |      0       | 0.0020499999999999997 |  0.020499999999999997 |     0     |     2     |
|       4        |      0       |         0.0038        |         0.019         |     0     |     4     |
|       8        |      0       |  0.007000000000000001 |         0.0175        |     0     |     8     |
|       16       |      0       |  0.014150000000000001 |  0.017687500000000002 |     0     |     16    |
|       32       |      0       |        0.02835        |       0.01771875      |     0     |     32    |
|       64       |      0       |        0.05595        |      0.017484375      |     0     |     64    |
|      128       |      0       |  0.09985000000000001  |      0.0156015625     |     0     |    128    |
|      256       |      0       |        0.16855        |     0.01316796875     |     0     |    256    |
|      512       |      0       |         0.2145        |     0.00837890625     |     0     |    512    |
|      1024      |      0       |         0.2329        | 0.0045488281249999995 |     0     |    1024   |
|      2048      |      0       |  0.26239999999999997  | 0.0025624999999999997 |     0     |    2048   |
|      4096      |      0       |  0.34780000000000005  | 0.0016982421875000003 |     0     |    4096   |
|      8192      |      0       |        0.53455        | 0.0013050537109374999 |     0     |    8192   |
|     16384      |      0       |   0.9306000000000001  | 0.0011359863281250001 |     0     |   16384   |
|     32768      |      0       |          1.0          |    0.0006103515625    |     0     |   32768   |
+----------------+--------------+-----------------------+-----------------------+-----------+-----------+